name: Decision Tree Classifier
labels: ['BC 1', 'BC 1 + RT', 'BC 2', 'BC 3', 'Interwały', 'Rozgrzewka']
precision: [0.82539683 0.90909091 0.88636364 0.88235294 0.87755102 0.87755102]
recall: [0.9122807  0.9375     0.86666667 0.88235294 0.81132075 0.82692308]
fscore: [0.86666667 0.92307692 0.87640449 0.88235294 0.84313725 0.85148515]
support: [57 64 45 51 53 52]
