name: Decision Tree Classifier
labels: ['BC 1', 'BC 1 + RT', 'BC 2', 'BC 3', 'Interwały', 'Rozgrzewka']
precision: [0.8125     0.93846154 0.86666667 0.88235294 0.87755102 0.89583333]
recall: [0.9122807  0.953125   0.86666667 0.88235294 0.81132075 0.82692308]
fscore: [0.85950413 0.94573643 0.86666667 0.88235294 0.84313725 0.86      ]
support: [57 64 45 51 53 52]
