name: Linear SVM
labels: ['BC 1', 'BC 1 + RT', 'BC 2', 'BC 3', 'Interwały', 'Rozgrzewka']
precision: [0.91891892 0.81690141 0.77358491 0.95238095 0.97777778 0.68918919]
fscore: [0.72340426 0.85925926 0.83673469 0.86021505 0.89795918 0.80952381]
support: [57 64 45 51 53 52]
