name: Linear SVM
labels: ['BC 1', 'BC 1 + RT', 'BC 2', 'BC 3', 'Interwały', 'Rozgrzewka']
precision: [0.86792453 0.91304348 0.90909091 0.97777778 0.94339623 0.82758621]
recall: [0.80701754 0.984375   0.88888889 0.8627451  0.94339623 0.92307692]
fscore: [0.83636364 0.94736842 0.8988764  0.91666667 0.94339623 0.87272727]
support: [57 64 45 51 53 52]
