name: Logistic Regression
labels: ['BC 1', 'BC 1 + RT', 'BC 2', 'BC 3', 'Interwały', 'Rozgrzewka']
precision: [0.79591837 0.86956522 0.85416667 0.91111111 0.84615385 0.74576271]
fscore: [0.73584906 0.90225564 0.88172043 0.85416667 0.83809524 0.79279279]
support: [57 64 45 51 53 52]
