name: Naive Bayes
labels: ['BC 1', 'BC 1 + RT', 'BC 2', 'BC 3', 'Interwały', 'Rozgrzewka']
precision: [0.82051282 0.85483871 0.6779661  0.86666667 0.69491525 0.64383562]
recall: [0.56140351 0.828125   0.88888889 0.50980392 0.77358491 0.90384615]
fscore: [0.66666667 0.84126984 0.76923077 0.64197531 0.73214286 0.752     ]
support: [57 64 45 51 53 52]
