name: Random Forest Classifier
labels: ['BC 1', 'BC 1 + RT', 'BC 2', 'BC 3', 'Interwały', 'Rozgrzewka']
precision: [0.84313725 0.88888889 0.91304348 1.         0.91666667 0.76271186]
recall: [0.75438596 1.         0.93333333 0.90196078 0.83018868 0.86538462]
fscore: [0.7962963  0.94117647 0.92307692 0.94845361 0.87128713 0.81081081]
support: [57 64 45 51 53 52]
