name: Random Forest Classifier
labels: ['BC 1', 'BC 1 + RT', 'BC 2', 'BC 3', 'Interwały', 'Rozgrzewka']
precision: [0.88679245 0.8630137  0.95348837 0.93877551 0.875      0.82142857]
recall: [0.8245614  0.984375   0.91111111 0.90196078 0.79245283 0.88461538]
fscore: [0.85454545 0.91970803 0.93181818 0.92       0.83168317 0.85185185]
support: [57 64 45 51 53 52]
