name: Random Forest Classifier
labels: ['BC 1', 'BC 1 + RT', 'BC 2', 'BC 3', 'Interwały', 'Rozgrzewka']
precision: [0.84615385 0.84722222 0.82352941 0.97142857 0.86538462 0.75      ]
recall: [0.77192982 0.953125   0.93333333 0.66666667 0.8490566  0.86538462]
fscore: [0.80733945 0.89705882 0.875      0.79069767 0.85714286 0.80357143]
support: [57 64 45 51 53 52]
