name: RBF SVM
labels: ['BC 1', 'BC 1 + RT', 'BC 2', 'BC 3', 'Interwały', 'Rozgrzewka']
precision: [0.56122449 1.         0.925      1.         1.         1.        ]
recall: [0.96491228 0.9375     0.82222222 0.78431373 0.83018868 0.76923077]
fscore: [0.70967742 0.96774194 0.87058824 0.87912088 0.90721649 0.86956522]
support: [57 64 45 51 53 52]
