name: RBF SVM
labels: ['BC 1', 'BC 1 + RT', 'BC 2', 'BC 3', 'Interwały', 'Rozgrzewka']
precision: [0.87272727 1.         0.95652174 1.         1.         0.83636364]
recall: [0.84210526 1.         0.97777778 0.96078431 1.         0.88461538]
fscore: [0.85714286 1.         0.96703297 0.98       1.         0.85981308]
support: [57 64 45 51 53 52]
