name: SGD Classifier
labels: ['BC 1', 'BC 1 + RT', 'BC 2', 'BC 3', 'Interwały', 'Rozgrzewka']
precision: [0.76923077 0.84285714 0.84210526 0.77966102 0.88461538 0.78431373]
recall: [0.70175439 0.921875   0.71111111 0.90196078 0.86792453 0.76923077]
fscore: [0.73394495 0.88059701 0.77108434 0.83636364 0.87619048 0.77669903]
support: [57 64 45 51 53 52]
