name: SGD Classifier
labels: ['BC 1', 'BC 1 + RT', 'BC 2', 'BC 3', 'Interwały', 'Rozgrzewka']
precision: [0.77358491 0.81355932 0.65625    0.80487805 0.85454545 0.78      ]
fscore: [0.74545455 0.7804878  0.7706422  0.7173913  0.87037037 0.76470588]
support: [57 64 45 51 53 52]
