name: SGD Classifier
labels: ['BC 1', 'BC 1 + RT', 'BC 2', 'BC 3', 'Interwały', 'Rozgrzewka']
precision: [0.86666667 0.86956522 0.85106383 0.82352941 0.86       0.73333333]
recall: [0.68421053 0.9375     0.88888889 0.82352941 0.81132075 0.84615385]
fscore: [0.76470588 0.90225564 0.86956522 0.82352941 0.83495146 0.78571429]
support: [57 64 45 51 53 52]
