name: SGD Classifier
labels: ['BC 1', 'BC 1 + RT', 'BC 2', 'BC 3', 'Interwały', 'Rozgrzewka']
precision: [0.91666667 0.92063492 0.68421053 0.85       0.7704918  0.72307692]
recall: [0.57894737 0.90625    0.86666667 0.66666667 0.88679245 0.90384615]
fscore: [0.70967742 0.91338583 0.76470588 0.74725275 0.8245614  0.8034188 ]
support: [57 64 45 51 53 52]
